<?xml version="1.0"?>
<opencv_storage>
<camera_matrix type_id="opencv-matrix">
  <rows>3</rows>
  <cols>3</cols>
  <dt>d</dt>
  <data>
    934.09234540544412 0. 490.95916491504249 0. 938.91268897932525
    325.51414270575918 0. 0. 1.</data></camera_matrix>
<dist_coeff type_id="opencv-matrix">
  <rows>1</rows>
  <cols>5</cols>
  <dt>d</dt>
  <data>
    -0.016119877152833539 -0.039333347783591578 -0.0037243180264291843
    0.0024503183582899584 0.30574441948346637</data></dist_coeff>
</opencv_storage>
