<?xml version="1.0"?>
<opencv_storage>
<camera_matrix type_id="opencv-matrix">
  <rows>3</rows>
  <cols>3</cols>
  <dt>d</dt>
  <data>
    1.3887570981673725e+03 0. 9.9638064971537904e+02 0.
    1.3809875109556028e+03 4.3967566241803252e+02 0. 0. 1.</data></camera_matrix>
<dist_coeff type_id="opencv-matrix">
  <rows>1</rows>
  <cols>5</cols>
  <dt>d</dt>
  <data>
    -3.5797558985805167e-02 6.0706528230769219e-01
    -1.2736387167720332e-02 6.2823773853317912e-03
    -1.3406156432273197e+00</data></dist_coeff>
</opencv_storage>
